0 -29698  -31  25318  -13  0  1000 
1 -21975  -29  25201  -13  3084  1000 
2 -18202  -28  24868  -13  6140  1000 
3 -25266  -28  24309  -13  9142  1000 
4 -32092  -28  23541  -13  12062  1000 
5 -19318  -27  22555  -13  14876  1000 
6 -22423  -27  21378  -13  17557  1000 
7 -25323  -27  20003  -13  20083  1000 
8 -28002  -27  18449  -13  22431  1000 
9 -30431  -27  16739  -13  24579  1000 
10 -32591  -27  29757  -14  26509  1000 
11 -17230  -26  25767  -14  28204  1000 
12 -18013  -26  21560  -14  29648  1000 
13 -18635  -26  17142  -14  30830  1000 
14 -19090  -26  25155  -15  31738  1000 
15 -19378  -26  31626  -16  32364  1000 
16 -19495  -26  25422  -17  32702  1000 
17 -19437  -26  -25610  -18  32751  1000 
18 -19206  -26  -25440  -16  32509  1000 
19 -18805  -26  -22110  -15  31978  1000 
20 -18238  -26  -31300  -15  31163  1000 
21 -17508  -26  -20116  -14  30072  1000 
22 -16624  -26  -24401  -14  28714  1000 
23 -31181  -27  -28468  -14  27101  1000 
24 -28839  -27  -32275  -14  25247  1000 
25 -26245  -27  -17906  -13  23170  1000 
26 -23410  -27  -19506  -13  20886  1000 
27 -20373  -27  -20944  -13  18418  1000 
28 -17156  -27  -22190  -13  15786  1000 
29 -27566  -28  -23233  -13  13013  1000 
30 -20578  -28  -24083  -13  10126  1000 
31 -26811  -29  -24710  -13  7148  1000 
32 -24639  -30  -25120  -13  4107  1000 
33 20117  -32  -25304  -13  1029  1000 
34 17110  -29  -25270  -13  -2057  1000 
35 31624  -29  -25004  -13  -5126  1000 
36 22934  -28  -24519  -13  -8149  1000 
37 29843  -28  -23823  -13  -11099  1000 
38 18244  -27  -22902  -13  -13952  1000 
39 21406  -27  -21787  -13  -16680  1000 
40 24379  -27  -20479  -13  -19260  1000 
41 27136  -27  -18990  -13  -21669  1000 
42 29650  -27  -17329  -13  -23886  1000 
43 31899  -27  -31028  -14  -25891  1000 
44 16936  -26  -27127  -14  -27666  1000 
45 17768  -26  -22974  -14  -29196  1000 
46 18444  -26  -18632  -14  -30466  1000 
47 18958  -26  -28236  -15  -31466  1000 
48 19301  -26  -18948  -15  -32187  1000 
49 19474  -26  -19002  -16  -32622  1000 
50 19474  -26  31705  -26  -32767  1000 
51 19301  -26  19120  -16  -32622  1000 
52 18958  -26  19003  -15  -32187  1000 
53 18444  -26  28271  -15  -31466  1000 
54 17768  -26  18647  -14  -30466  1000 
55 16936  -26  23000  -14  -29196  1000 
56 31899  -27  27137  -14  -27666  1000 
57 29650  -27  31040  -14  -25891  1000 
58 27136  -27  17333  -13  -23886  1000 
59 24379  -27  18991  -13  -21669  1000 
60 21406  -27  20485  -13  -19260  1000 
61 18244  -27  21796  -13  -16680  1000 
62 29843  -28  22913  -13  -13952  1000 
63 22934  -28  23818  -13  -11099  1000 
64 31624  -29  24525  -13  -8149  1000 
65 17110  -29  25007  -13  -5126  1000 
66 20117  -32  25264  -13  -2057  1000 
67 -24639  -30  25308  -13  1029  1000 
68 -26811  -29  25116  -13  4107  1000 
69 -20578  -28  24706  -13  7148  1000 
70 -27566  -28  24074  -13  10126  1000 
71 -17156  -27  23236  -13  13013  1000 
72 -20373  -27  22181  -13  15786  1000 
73 -23410  -27  20935  -13  18418  1000 
74 -26245  -27  19509  -13  20886  1000 
75 -28839  -27  17897  -13  23170  1000 
76 -31181  -27  32277  -14  25247  1000 
77 -16624  -26  28453  -14  27101  1000 
78 -17508  -26  24386  -14  28714  1000 
79 -18238  -26  20104  -14  30072  1000 
80 -18805  -26  31288  -15  31163  1000 
81 -19206  -26  22072  -15  31978  1000 
82 -19437  -26  25331  -16  32509  1000 
83 -19495  -26  25285  -18  32751  1000 
84 -19378  -26  -25454  -17  32702  1000 
85 -19090  -26  -31743  -16  32364  1000 
86 -18635  -26  -25213  -15  31738  1000 
87 -18013  -26  -17162  -14  30830  1000 
88 -17230  -26  -21558  -14  29648  1000 
89 -32591  -27  -25782  -14  28204  1000 
90 -30431  -27  -29768  -14  26509  1000 
91 -28002  -27  -16747  -13  24579  1000 
92 -25323  -27  -18462  -13  22431  1000 
93 -22423  -27  -20006  -13  20083  1000 
94 -19318  -27  -21375  -13  17557  1000 
95 -32092  -28  -22561  -13  14876  1000 
96 -25266  -28  -23538  -13  12062  1000 
97 -18202  -28  -24316  -13  9142  1000 
98 -21975  -29  -24871  -13  6140  1000 
99 -29698  -31  -25207  -13  3084  1000 
